Start Time:  11-07-2025 10:01:42          Time Completed:  11-07-2025 10:52:02      Elapsed Time:  00:50:19
Sample ID:     

Experiment:    C:\IDEASVSM\LS_QC\Experiments\MvsH_1\MvsH_1.exp
Data File:     C:\IDEASVSM\LS_QC\Parafilm1.txt
Plot File:     C:\IDEASVSM\LS_QC\Parafilm1.oc2
VSM Exp File:  C:\IDEASVSM\LS_QC\Experiments\MvsH_1\MvsH_1.stp
VSM Data File: C:\IDEASVSM\LS_QC\Parafilm1.dat

***DATA***

Field(G)	 Moment(emu)	
 19000 	-0.00091699 	
 18000 	-0.000869415 	
 17000 	-0.000822329 	
 16000 	-0.00077443 	
 15000 	-0.000727338 	
 14000 	-0.000679149 	
 13000 	-0.000630508 	
 12000 	-0.000582859 	
 11000 	-0.000534135 	
 10000 	-0.000486001 	
 9000 	-0.000438449 	
 8000 	-0.000390119 	
 7000 	-0.000341725 	
 6000 	-0.000294108 	
 4999.99 	-0.000245316 	
 4000.01 	-0.000196591 	
 3000.05 	-0.000147688 	
 1999.98 	-0.0000983985 	
 999.987 	-0.0000507465 	
 950.003 	-0.0000484196 	
 900.002 	-0.0000455079 	
 849.999 	-0.000043066 	
 800.004 	-0.000041144 	
 749.986 	-0.0000387038 	
 699.999 	-0.0000366377 	
 650.001 	-0.0000343163 	
 600.004 	-0.0000318603 	
 549.988 	-0.0000299399 	
 499.999 	-0.0000273052 	
 450 	-0.0000253172 	
 400.005 	-0.0000229682 	
 350.003 	-0.0000205642 	
 299.996 	-0.0000183909 	
 250.001 	-0.0000164762 	
 199.996 	-0.0000141857 	
 189.996 	-0.0000137837 	
 180.015 	-0.0000136926 	
 169.995 	-0.0000127382 	
 160.001 	-0.000013177 	
 149.986 	-0.0000115938 	
 139.996 	-0.0000119022 	
 129.994 	-0.0000113413 	
 119.991 	-0.0000106417 	
 110 	-0.0000104883 	
 99.9911 	-0.00000967254 	
 90.0015 	-0.0000103078 	
 79.9988 	-0.00000895974 	
 70.0003 	-0.00000921289 	
 59.9975 	-0.00000873789 	
 50.0018 	-0.00000817395 	
 40.0025 	-0.0000081162 	
 29.9968 	-0.00000713877 	
 19.985 	-0.00000722221 	
 18.0031 	-0.00000675884 	
 15.9963 	-0.00000690277 	
 13.9996 	-0.00000729915 	
 11.993 	-0.00000672095 	
 10.0063 	-0.00000678711 	
 7.99783 	-0.00000652193 	
 5.98835 	-0.00000655393 	
 3.99488 	-0.00000635513 	
 1.99865 	-0.00000642428 	
-0.0110132 	-0.00000645874 	
-1.99038 	-0.00000595975 	
-4.00135 	-0.00000655148 	
-5.99815 	-0.00000637663 	
-8.00101 	-0.00000629288 	
-9.99661 	-0.00000608693 	
-12.0043 	-0.00000558844 	
-14.0007 	-0.00000593614 	
-15.9992 	-0.00000585253 	
-17.9996 	-0.00000568652 	
-20.0053 	-0.00000575462 	
-29.9971 	-0.00000592342 	
-39.9966 	-0.00000514268 	
-50.0012 	-0.00000439297 	
-59.9997 	-0.00000422512 	
-70.0124 	-0.00000411343 	
-80.006 	-0.00000371175 	
-90.0082 	-0.00000300766 	
-99.9989 	-0.00000283336 	
-109.999 	-0.00000239143 	
-119.998 	-0.000002128 	
-130.004 	-0.0000017727 	
-139.996 	-0.000000824298 	
-150.004 	-0.00000102347 	
-160.005 	-0.000000331157 	
-170.003 	 0.000000198786 	
-180.005 	 0.000000199397 	
-190.003 	 0.00000109021 	
-200.002 	 0.000000602369 	
-250.001 	 0.00000304977 	
-300 	 0.00000535159 	
-350.001 	 0.00000701375 	
-400.005 	 0.00000994208 	
-450 	 0.0000113114 	
-500.006 	 0.0000135253 	
-549.993 	 0.0000160652 	
-600.007 	 0.0000180448 	
-650 	 0.0000204171 	
-699.998 	 0.0000225211 	
-750.012 	 0.0000245924 	
-800.01 	 0.0000273282 	
-850.02 	 0.0000292086 	
-900.004 	 0.0000319025 	
-950 	 0.000034306 	
-999.999 	 0.0000367089 	
-2000 	 0.0000842913 	
-3000.02 	 0.000133733 	
-4000.01 	 0.000182521 	
-5000.03 	 0.000231623 	
-6000 	 0.000280349 	
-7000.03 	 0.000328046 	
-7999.98 	 0.000375739 	
-9000 	 0.00042462 	
-9999.98 	 0.000470868 	
-11000 	 0.000519372 	
-12000 	 0.000567483 	
-13000 	 0.000615737 	
-14000 	 0.000662779 	
-15000 	 0.000711366 	
-16000 	 0.000758305 	
-17000 	 0.00080567 	
-18000 	 0.000852845 	
-19000 	 0.000900708 	
-18000 	 0.000852921 	
-17000 	 0.000805398 	
-16000 	 0.000758343 	
-15000 	 0.00071088 	
-14000 	 0.000663225 	
-13000 	 0.000615382 	
-12000 	 0.000567764 	
-11000 	 0.000519353 	
-10000 	 0.000471084 	
-9000.01 	 0.000423112 	
-7999.99 	 0.000374304 	
-7000 	 0.000326322 	
-6000.01 	 0.00027777 	
-5000 	 0.000229042 	
-3999.97 	 0.000180582 	
-2999.93 	 0.000131759 	
-1999.99 	 0.0000833701 	
-999.997 	 0.0000357109 	
-950.004 	 0.0000333273 	
-899.999 	 0.0000309127 	
-849.997 	 0.0000287334 	
-799.991 	 0.0000264612 	
-750.005 	 0.000024154 	
-700.003 	 0.0000222553 	
-649.994 	 0.0000196368 	
-600.008 	 0.0000169396 	
-549.996 	 0.0000152967 	
-499.985 	 0.0000130368 	
-450.001 	 0.0000105331 	
-400 	 0.00000885696 	
-349.995 	 0.00000590144 	
-299.997 	 0.00000429683 	
-249.998 	 0.00000139946 	
-199.996 	-0.000000566536 	
-190.004 	-0.000000819458 	
-180.002 	-0.000000818967 	
-169.997 	-0.00000118795 	
-159.996 	-0.00000207079 	
-150.003 	-0.00000233789 	
-140.001 	-0.00000309939 	
-130.002 	-0.00000311629 	
-120.004 	-0.00000325191 	
-110.006 	-0.00000364863 	
-99.9957 	-0.00000448667 	
-90.0051 	-0.00000492069 	
-79.9916 	-0.00000505887 	
-69.9972 	-0.00000587224 	
-59.9928 	-0.00000576045 	
-49.9889 	-0.00000659185 	
-40.0039 	-0.00000692035 	
-29.9995 	-0.00000707113 	
-20.0061 	-0.00000729954 	
-18.0074 	-0.0000072314 	
-16.0015 	-0.00000692994 	
-14.0068 	-0.00000722291 	
-11.9934 	-0.00000735487 	
-9.99251 	-0.00000786788 	
-7.99771 	-0.00000790929 	
-5.99685 	-0.00000791679 	
-3.99736 	-0.00000750878 	
-1.99257 	-0.00000852785 	
 0.000655027 	-0.00000824282 	
 1.99871 	-0.0000084606 	
 4.00009 	-0.00000784606 	
 5.99932 	-0.0000082442 	
 7.99556 	-0.00000769089 	
 10.0003 	-0.00000868289 	
 11.9941 	-0.0000086601 	
 14.0057 	-0.00000813026 	
 15.9992 	-0.00000819121 	
 17.9941 	-0.00000843889 	
 20.0038 	-0.00000832254 	
 29.9978 	-0.00000864751 	
 39.9961 	-0.00000957111 	
 50.0011 	-0.00000961604 	
 59.9979 	-0.0000105404 	
 69.9989 	-0.0000106354 	
 80.0041 	-0.0000109551 	
 89.9999 	-0.0000108962 	
 99.9988 	-0.0000114635 	
 109.999 	-0.0000117283 	
 119.994 	-0.0000123331 	
 130.006 	-0.0000125615 	
 140.004 	-0.0000132749 	
 150.011 	-0.0000135925 	
 159.994 	-0.0000142033 	
 170.002 	-0.000014387 	
 180.008 	-0.0000144511 	
 190.007 	-0.0000148824 	
 199.994 	-0.0000152114 	
 250.002 	-0.0000173454 	
 300.008 	-0.0000188525 	
 350.002 	-0.0000213826 	
 400.003 	-0.0000233955 	
 450.005 	-0.000026049 	
 499.998 	-0.0000281476 	
 550.004 	-0.0000297509 	
 600.004 	-0.0000319231 	
 650 	-0.0000346643 	
 700.004 	-0.0000366225 	
 749.992 	-0.000039068 	
 800.002 	-0.0000412746 	
 849.994 	-0.0000432024 	
 899.996 	-0.0000456796 	
 950.009 	-0.0000485297 	
 1000 	-0.0000507132 	
 2000.01 	-0.0000988496 	
 3000 	-0.000147293 	
 4000 	-0.000196239 	
 5000.02 	-0.000245399 	
 6000.02 	-0.0002954 	
 7000.01 	-0.000343277 	
 8000 	-0.000390732 	
 8999.99 	-0.000439309 	
 10000 	-0.000486607 	
 11000 	-0.000534515 	
 12000 	-0.00058305 	
 13000 	-0.000630823 	
 14000 	-0.000678745 	
 15000 	-0.000726695 	
 16000 	-0.000774075 	
 17000 	-0.000822172 	
 18000 	-0.00086844 	
 19000 	-0.000915334 	

	
	
