script internal name (ver:210707): multilognorlanglmfit
data-filename:8A
this-filename:fits/8A.fit.01
[[Definition parameters]]
ndist: 1
weight: sep
[[status]]
Fit succeeded.
[[Fit Statistics]]
    # fitting method   = leastsq
    # function evals   = 171
    # data points      = 125
    # variables        = 5
    chi-square         = 280959.501
    reduced chi-square = 2341.32918
    Akaike info crit   = 974.706510
    Bayesian info crit = 988.848078
[[Variables]]
    N0:    3.3958e+17 +/- 3.9386e+15 (1.16%) (init = 5.04622e+17)
    mu0:   9.37617481 +/- 0.02606230 (0.28%) (init = 7.65)
    sig0:  0.55635606 +/- 0.03010354 (5.41%) (init = 1.596)
    C:     3.1432e-05 +/- 3.2662e-06 (10.39%) (init = 0.0006957977)
    T:     300 (fixed)
    dc:    0.04548685 +/- 0.00822380 (18.08%) (init = 0.02753467)
[[Correlations]] (unreported correlations are < 0.100)
    C(mu0, sig0) = -0.9744
    C(N0, mu0)   = -0.9270
    C(N0, C)     = -0.8468
    C(N0, sig0)  = +0.8194
    C(mu0, C)    = +0.7142
    C(sig0, C)   = -0.5967
[[Derived Parameters]]
    mean-mu      = 13779.5+/-426.9 mb
    stddev       = 8299.7+/-695.7 mb
    <mu>_mu      = 18779+/-1063 mb
    sum squares  = 1.982205e+02
    m_s          = (4.3396+/-0.1436)e+01 (units)
[[data]]
-1.860630e+04 -4.310967e+01 1.649349e-03 -4.317920e+01 
-1.800000e+04 -4.309129e+01 1.245097e-03 -4.313468e+01 
-1.700000e+04 -4.303855e+01 1.000000e-03 -4.305729e+01 
-1.600000e+04 -4.297262e+01 1.000000e-03 -4.297415e+01 
-1.500000e+04 -4.289976e+01 1.000000e-03 -4.288411e+01 
-1.400000e+04 -4.280510e+01 1.000000e-03 -4.278570e+01 
-1.300000e+04 -4.271001e+01 1.000000e-03 -4.267699e+01 
-1.200000e+04 -4.258839e+01 1.000000e-03 -4.255540e+01 
-1.100000e+04 -4.245093e+01 9.999925e-04 -4.241742e+01 
-9.999985e+03 -4.228853e+01 1.000000e-03 -4.225813e+01 
-9.000000e+03 -4.209070e+01 9.999950e-04 -4.207043e+01 
-7.999975e+03 -4.185481e+01 1.000003e-03 -4.184367e+01 
-7.000005e+03 -4.156302e+01 1.000018e-03 -4.156114e+01 
-6.000010e+03 -4.118809e+01 1.000000e-03 -4.119498e+01 
-5.000005e+03 -4.071277e+01 9.999950e-04 -4.069521e+01 
-4.000000e+03 -3.991837e+01 9.999900e-04 -3.996243e+01 
-2.999985e+03 -3.866555e+01 9.999975e-04 -3.876820e+01 
-1.999995e+03 -3.639011e+01 1.000003e-03 -3.645811e+01 
-9.999910e+02 -3.066195e+01 1.904767e-03 -3.031379e+01 
-9.499980e+02 -3.012312e+01 2.000230e-02 -2.974533e+01 
-9.000025e+02 -2.954246e+01 1.999980e-02 -2.913126e+01 
-8.499970e+02 -2.890293e+01 1.999910e-02 -2.846634e+01 
-7.999980e+02 -2.820427e+01 2.000170e-02 -2.774497e+01 
-7.500055e+02 -2.741463e+01 2.000040e-02 -2.696056e+01 
-7.000000e+02 -2.652638e+01 1.999910e-02 -2.610521e+01 
-6.500010e+02 -2.556221e+01 1.999970e-02 -2.517063e+01 
-5.999985e+02 -2.435526e+01 1.999860e-02 -2.414677e+01 
-5.499940e+02 -2.300823e+01 2.000100e-02 -2.302243e+01 
-5.000035e+02 -2.142731e+01 2.000160e-02 -2.178524e+01 
-4.500020e+02 -1.957763e+01 1.999990e-02 -2.042022e+01 
-4.000030e+02 -1.738171e+01 1.999810e-02 -1.891161e+01 
-3.499925e+02 -1.503180e+01 2.000130e-02 -1.724133e+01 
-3.000095e+02 -1.261947e+01 2.000250e-02 -1.539204e+01 
-2.500050e+02 -1.041803e+01 1.999930e-02 -1.334320e+01 
-2.000060e+02 -8.362253e+00 3.333028e-02 -1.107925e+01 
-1.899995e+02 -7.841392e+00 9.998750e-02 -1.059922e+01 
-1.800035e+02 -7.455089e+00 9.999500e-02 -1.011059e+01 
-1.699985e+02 -7.020281e+00 1.000050e-01 -9.612412e+00 
-1.600045e+02 -6.585875e+00 1.000300e-01 -9.105696e+00 
-1.500045e+02 -6.177318e+00 1.000125e-01 -8.589637e+00 
-1.400070e+02 -5.773290e+00 9.997501e-02 -8.064757e+00 
-1.299995e+02 -5.373094e+00 1.000000e-01 -7.530516e+00 
-1.200070e+02 -4.983366e+00 1.000000e-01 -6.988429e+00 
-1.099995e+02 -4.548845e+00 9.995102e-02 -6.437094e+00 
-9.999720e+01 -4.137252e+00 9.999325e-02 -5.877895e+00 
-8.999815e+01 -3.727385e+00 1.000248e-01 -5.311082e+00 
-8.000215e+01 -3.313611e+00 9.999725e-02 -4.737067e+00 
-6.999760e+01 -2.905560e+00 9.999525e-02 -4.155675e+00 
-6.000120e+01 -2.493952e+00 1.000250e-01 -3.568451e+00 
-5.000260e+01 -2.082863e+00 9.997601e-02 -2.975456e+00 
-3.999640e+01 -1.681028e+00 1.000135e-01 -2.377115e+00 
-3.000530e+01 -1.301295e+00 1.000215e-01 -1.775628e+00 
-2.000070e+01 -9.344409e-01 1.666333e-01 -1.170201e+00 
-1.800290e+01 -8.173881e-01 4.995941e-01 -1.049015e+00 
-1.599745e+01 -7.152709e-01 4.989895e-01 -9.272885e-01 
-1.399480e+01 -6.170491e-01 5.005318e-01 -8.056626e-01 
-1.200170e+01 -5.269011e-01 5.014542e-01 -6.845565e-01 
-1.000640e+01 -4.361623e-01 5.001926e-01 -5.632652e-01 
-8.003240e+00 -3.471579e-01 4.993490e-01 -4.414527e-01 
-6.001185e+00 -2.610257e-01 4.994257e-01 -3.196725e-01 
-3.998640e+00 -1.749271e-01 5.002107e-01 -1.978364e-01 
-2.002870e+00 -8.816117e-02 4.997616e-01 -7.639516e-02 
3.267895e-03 -1.075077e-03 4.986456e-01 4.568572e-02 
2.007995e+00 1.149274e-01 5.004796e-01 1.676807e-01 
3.999435e+00 1.941412e-01 5.007806e-01 2.888585e-01 
6.001760e+00 2.775722e-01 5.003046e-01 4.106812e-01 
7.997000e+00 3.606029e-01 5.005331e-01 5.320469e-01 
9.997500e+00 4.519337e-01 5.010961e-01 6.536978e-01 
1.198825e+01 5.382311e-01 4.999438e-01 7.747128e-01 
1.399795e+01 6.323231e-01 4.985915e-01 8.968276e-01 
1.599955e+01 7.266459e-01 4.995317e-01 1.018390e+00 
1.800170e+01 8.274418e-01 5.003565e-01 1.139916e+00 
1.999670e+01 9.468348e-01 1.667056e-01 1.260932e+00 
2.999890e+01 1.311853e+00 9.995527e-02 1.866216e+00 
4.000565e+01 1.700385e+00 1.000093e-01 2.468644e+00 
4.999705e+01 2.098597e+00 1.000468e-01 3.066100e+00 
5.999630e+01 2.491385e+00 1.000118e-01 3.659136e+00 
6.999470e+01 2.863944e+00 9.997825e-02 4.246479e+00 
8.000065e+01 3.351811e+00 9.998800e-02 4.827954e+00 
8.999710e+01 3.760856e+00 1.000243e-01 5.401995e+00 
9.999580e+01 4.171427e+00 9.997301e-02 5.968790e+00 
1.100025e+02 4.583280e+00 9.997151e-02 6.528234e+00 
1.200015e+02 5.021279e+00 1.000100e-01 7.079102e+00 
1.300005e+02 5.412295e+00 1.000200e-01 7.621544e+00 
1.399975e+02 5.816591e+00 1.000100e-01 8.155228e+00 
1.499985e+02 6.221466e+00 1.000025e-01 8.680299e+00 
1.599970e+02 6.628828e+00 1.000125e-01 9.196286e+00 
1.699960e+02 7.064572e+00 1.000000e-01 9.703260e+00 
1.799970e+02 7.497271e+00 9.996002e-02 1.020124e+01 
1.900040e+02 7.881054e+00 9.999750e-02 1.069041e+01 
1.999975e+02 8.300411e+00 3.333639e-02 1.116982e+01 
2.499985e+02 1.041727e+01 1.999900e-02 1.343389e+01 
3.000025e+02 1.267087e+01 1.999990e-02 1.548274e+01 
3.499990e+02 1.505733e+01 2.000070e-02 1.733253e+01 
3.999990e+02 1.744161e+01 2.000000e-02 1.900246e+01 
4.499990e+02 1.967233e+01 2.000040e-02 2.051111e+01 
4.999970e+02 2.152630e+01 1.999950e-02 2.187605e+01 
5.500015e+02 2.309140e+01 1.999970e-02 2.311358e+01 
5.999985e+02 2.448428e+01 2.000050e-02 2.423774e+01 
6.499990e+02 2.560733e+01 2.000060e-02 2.526156e+01 
6.999955e+02 2.662028e+01 1.999940e-02 2.619611e+01 
7.500020e+02 2.750968e+01 1.999890e-02 2.705147e+01 
8.000010e+02 2.829551e+01 2.000050e-02 2.783599e+01 
8.499995e+02 2.899769e+01 2.000020e-02 2.855735e+01 
9.000000e+02 2.963574e+01 2.000060e-02 2.922220e+01 
9.499965e+02 3.021714e+01 1.999950e-02 2.983629e+01 
1.000003e+03 3.075377e+01 1.904756e-03 3.040488e+01 
2.000000e+03 3.647781e+01 9.999913e-04 3.654910e+01 
3.000020e+03 3.876673e+01 9.999975e-04 3.885923e+01 
4.000005e+03 4.002731e+01 1.000010e-03 4.005341e+01 
5.000000e+03 4.082646e+01 9.999950e-04 4.078618e+01 
6.000015e+03 4.129345e+01 9.999900e-04 4.128596e+01 
7.000020e+03 4.166597e+01 1.000008e-03 4.165212e+01 
8.000000e+03 4.195094e+01 1.000013e-03 4.193465e+01 
8.999995e+03 4.219451e+01 1.000003e-03 4.216140e+01 
9.999995e+03 4.238307e+01 9.999975e-04 4.234910e+01 
1.100000e+04 4.254299e+01 9.999975e-04 4.250839e+01 
1.200000e+04 4.267851e+01 1.000000e-03 4.264638e+01 
1.300000e+04 4.279478e+01 1.000000e-03 4.276797e+01 
1.400000e+04 4.289136e+01 1.000000e-03 4.287668e+01 
1.500000e+04 4.297512e+01 1.000000e-03 4.297508e+01 
1.600000e+04 4.304265e+01 1.000000e-03 4.306512e+01 
1.700000e+04 4.309833e+01 1.000000e-03 4.314826e+01 
1.800000e+04 4.316147e+01 1.259843e-03 4.322566e+01 
1.858750e+04 4.318323e+01 1.702128e-03 4.326882e+01 
