script internal name (ver:210707): multilognorlanglmfit
data-filename:8A
this-filename:fits/8A.fit.00
[[Definition parameters]]
ndist: 1
weight: sep
[[status]]
Fit succeeded.
[[Fit Statistics]]
    # fitting method   = leastsq
    # function evals   = 171
    # data points      = 249
    # variables        = 5
    chi-square         = 2706772.61
    reduced chi-square = 11093.3304
    Akaike info crit   = 2324.15985
    Bayesian info crit = 2341.74712
[[Variables]]
    N0:    3.3905e+17 +/- 6.0811e+15 (1.79%) (init = 5.039632e+17)
    mu0:   9.37905850 +/- 0.04020942 (0.43%) (init = 7.65)
    sig0:  0.55359050 +/- 0.04663420 (8.42%) (init = 1.596)
    C:     3.2098e-05 +/- 5.1264e-06 (15.97%) (init = 0.000706978)
    T:     300 (fixed)
    dc:    0.04469711 +/- 0.01272899 (28.48%) (init = 0.01124011)
[[Correlations]] (unreported correlations are < 0.100)
    C(mu0, sig0) = -0.9743
    C(N0, mu0)   = -0.9271
    C(N0, C)     = -0.8477
    C(N0, sig0)  = +0.8193
    C(mu0, C)    = +0.7152
    C(sig0, C)   = -0.5974
[[Derived Parameters]]
    mean-mu      = 13798.1+/-659.3 mb
    stddev       = 8263+/-1074 mb
    <mu>_mu      = 18746+/-1636 mb
    sum squares  = 6.433675e+03
    m_s          = (4.3387+/-0.2214)e+01 (units)
[[data]]
1.858610e+04 4.316175e+01 -1.706193e-03 4.327257e+01 
1.800000e+04 4.314403e+01 -1.260955e-03 4.322915e+01 
1.700000e+04 4.310777e+01 -1.000000e-03 4.315116e+01 
1.600000e+04 4.306043e+01 -1.000000e-03 4.306744e+01 
1.500000e+04 4.300506e+01 -1.000000e-03 4.297683e+01 
1.400000e+04 4.292784e+01 -1.000000e-03 4.287786e+01 
1.300000e+04 4.283426e+01 -1.000000e-03 4.276860e+01 
1.200000e+04 4.271705e+01 -1.000000e-03 4.264648e+01 
1.100000e+04 4.258363e+01 -9.999950e-04 4.250800e+01 
9.999990e+03 4.241741e+01 -9.999950e-04 4.234824e+01 
8.999990e+03 4.223155e+01 -1.000000e-03 4.216012e+01 
7.999990e+03 4.197589e+01 -1.000010e-03 4.193299e+01 
7.000010e+03 4.168876e+01 -1.000005e-03 4.165018e+01 
6.000000e+03 4.130510e+01 -9.999950e-04 4.128387e+01 
5.000000e+03 4.084268e+01 -9.999950e-04 4.078413e+01 
3.999990e+03 4.003754e+01 -1.000000e-03 4.005170e+01 
3.000000e+03 3.877409e+01 -1.000005e-03 3.885836e+01 
2.000000e+03 3.650363e+01 -9.999975e-04 3.654976e+01 
9.999950e+02 3.100545e+01 -1.904740e-03 3.040489e+01 
9.499880e+02 3.051151e+01 -2.000100e-02 2.983591e+01 
9.000000e+02 2.998750e+01 -2.000180e-02 2.922149e+01 
8.499970e+02 2.942528e+01 -1.999940e-02 2.855609e+01 
7.999970e+02 2.882026e+01 -2.000000e-02 2.783411e+01 
7.499970e+02 2.816636e+01 -1.999880e-02 2.704887e+01 
6.999910e+02 2.745422e+01 -1.999920e-02 2.619269e+01 
6.499930e+02 2.667788e+01 -2.000060e-02 2.525719e+01 
5.999940e+02 2.582646e+01 -2.000060e-02 2.423236e+01 
5.499960e+02 2.490012e+01 -1.999920e-02 2.310700e+01 
4.999900e+02 2.389414e+01 -1.999860e-02 2.186816e+01 
4.499890e+02 2.278205e+01 -2.000300e-02 2.050178e+01 
4.000050e+02 2.140211e+01 -2.000140e-02 1.899224e+01 
3.499960e+02 2.008053e+01 -2.000000e-02 1.732070e+01 
3.000050e+02 1.868811e+01 -1.999940e-02 1.546997e+01 
2.499930e+02 1.683653e+01 -1.999820e-02 1.342003e+01 
1.999960e+02 1.526439e+01 -3.334056e-02 1.115602e+01 
1.900060e+02 1.484805e+01 -9.999000e-02 1.067687e+01 
1.799940e+02 1.445010e+01 -9.993504e-02 1.018759e+01 
1.699930e+02 1.405611e+01 -1.000450e-01 9.689785e+00 
1.600030e+02 1.366232e+01 -1.000150e-01 9.183501e+00 
1.499960e+02 1.326361e+01 -9.994004e-02 8.667366e+00 
1.399910e+02 1.286198e+01 -1.000300e-01 8.142427e+00 
1.300020e+02 1.245312e+01 -1.000300e-01 7.609576e+00 
1.199970e+02 1.204133e+01 -9.997501e-02 7.067280e+00 
1.099970e+02 1.162662e+01 -9.999450e-02 6.516894e+00 
9.999590e+01 1.120744e+01 -1.000085e-01 5.958371e+00 
8.999870e+01 1.078725e+01 -1.000140e-01 5.392344e+00 
7.999870e+01 1.036730e+01 -9.997251e-02 4.818853e+00 
6.999320e+01 9.797071e+00 -1.000000e-01 4.238229e+00 
5.999870e+01 9.452965e+00 -1.000165e-01 3.652009e+00 
4.999650e+01 9.061176e+00 -1.000525e-01 3.059760e+00 
4.000920e+01 8.648793e+00 -1.000265e-01 2.463569e+00 
3.000180e+01 8.228803e+00 -9.990759e-02 1.862178e+00 
1.999070e+01 7.808331e+00 -1.665792e-01 1.257472e+00 
1.799550e+01 7.652039e+00 -5.008640e-01 1.136671e+00 
1.599760e+01 7.529786e+00 -4.997127e-01 1.015630e+00 
1.399320e+01 7.424692e+00 -4.990020e-01 8.941279e-01 
1.198960e+01 7.316717e+00 -5.002551e-01 7.726142e-01 
9.995240e+00 7.221745e+00 -5.014492e-01 6.516100e-01 
8.001160e+00 7.120573e+00 -5.011074e-01 5.305803e-01 
6.004080e+00 7.030801e+00 -4.993658e-01 4.093344e-01 
3.996080e+00 6.940625e+00 -5.002451e-01 2.873997e-01 
2.006040e+00 6.853294e+00 -5.012970e-01 1.665386e-01 
6.429200e-03 6.765441e+00 -4.979819e-01 4.508760e-02 
-2.010170e+00 6.678342e+00 -4.994632e-01 -7.739520e-02 
-3.997870e+00 6.594332e+00 -5.008665e-01 -1.981142e-01 
-6.003250e+00 6.509157e+00 -4.983256e-01 -3.198898e-01 
-8.011310e+00 6.428261e+00 -5.001438e-01 -4.418022e-01 
-1.000210e+01 6.342090e+00 -5.012544e-01 -5.626320e-01 
-1.200130e+01 6.259077e+00 -5.010773e-01 -6.839297e-01 
-1.399350e+01 6.181106e+00 -4.993259e-01 -8.047518e-01 
-1.600670e+01 6.094688e+00 -4.983678e-01 -9.267876e-01 
-1.800660e+01 6.012355e+00 -5.010648e-01 -1.047949e+00 
-1.999820e+01 5.929744e+00 -1.666597e-01 -1.168532e+00 
-3.000710e+01 5.621713e+00 -1.000205e-01 -1.773103e+00 
-3.999410e+01 5.265889e+00 -1.000185e-01 -2.373271e+00 
-5.000340e+01 4.891299e+00 -9.995152e-02 -2.970776e+00 
-6.000380e+01 4.498871e+00 -1.000050e-01 -3.562916e+00 
-7.000240e+01 4.097644e+00 -9.999350e-02 -4.149372e+00 
-8.000510e+01 3.704251e+00 -1.000100e-01 -4.729828e+00 
-9.000040e+01 3.303405e+00 -1.000105e-01 -5.303047e+00 
-1.000030e+02 2.901704e+00 -9.999700e-02 -5.869377e+00 
-1.100010e+02 2.498897e+00 -9.999000e-02 -6.427722e+00 
-1.200050e+02 2.043196e+00 -1.000100e-01 -6.978323e+00 
-1.299990e+02 1.674054e+00 -9.997001e-02 -7.520020e+00 
-1.400110e+02 1.277615e+00 -9.998000e-02 -8.054091e+00 
-1.500030e+02 8.751852e-01 -1.000550e-01 -8.578335e+00 
-1.600000e+02 4.592903e-01 -1.000050e-01 -9.093954e+00 
-1.700020e+02 -1.387716e-02 -9.995502e-02 -9.600843e+00 
-1.800090e+02 -4.848360e-01 -1.000100e-01 -1.009894e+01 
-1.900000e+02 -8.569730e-01 -1.000150e-01 -1.058718e+01 
-2.000060e+02 -1.467187e+00 -3.333000e-02 -1.106710e+01 
-2.500060e+02 -3.790289e+00 -1.999940e-02 -1.333120e+01 
-3.000090e+02 -6.560717e+00 -2.000200e-02 -1.538073e+01 
-3.499960e+02 -9.921452e+00 -2.000100e-02 -1.723131e+01 
-4.000040e+02 -1.331583e+01 -1.999800e-02 -1.890282e+01 
-4.500060e+02 -1.641809e+01 -1.999960e-02 -2.041287e+01 
-5.000060e+02 -1.900731e+01 -2.000180e-02 -2.177918e+01 
-5.499970e+02 -2.115837e+01 -2.000200e-02 -2.301763e+01 
-5.999960e+02 -2.293079e+01 -1.999840e-02 -2.414300e+01 
-6.500050e+02 -2.450009e+01 -1.999720e-02 -2.516803e+01 
-7.000100e+02 -2.565763e+01 -1.999840e-02 -2.610364e+01 
-7.500130e+02 -2.672181e+01 -2.000180e-02 -2.695974e+01 
-8.000010e+02 -2.765114e+01 -2.000100e-02 -2.774477e+01 
-8.500080e+02 -2.845484e+01 -2.000000e-02 -2.846685e+01 
-9.000010e+02 -2.917778e+01 -2.000160e-02 -2.913211e+01 
-9.500000e+02 -2.982012e+01 -2.000020e-02 -2.974666e+01 
-1.000000e+03 -3.039906e+01 -1.904762e-03 -3.031555e+01 
-2.000000e+03 -3.633692e+01 -9.999900e-04 -3.646037e+01 
-3.000020e+03 -3.864566e+01 -9.999900e-04 -3.876900e+01 
-4.000020e+03 -3.988956e+01 -1.000000e-03 -3.996233e+01 
-5.000020e+03 -4.068169e+01 -1.000010e-03 -4.069475e+01 
-6.000000e+03 -4.114954e+01 -1.000005e-03 -4.119447e+01 
-7.000010e+03 -4.151917e+01 -1.000020e-03 -4.156079e+01 
-7.999960e+03 -4.180613e+01 -1.000000e-03 -4.184359e+01 
-9.000010e+03 -4.203292e+01 -9.999850e-04 -4.207073e+01 
-9.999990e+03 -4.222633e+01 -1.000005e-03 -4.225885e+01 
-1.100000e+04 -4.238607e+01 -9.999950e-04 -4.241861e+01 
-1.200000e+04 -4.252457e+01 -1.000000e-03 -4.255709e+01 
-1.300000e+04 -4.264775e+01 -1.000000e-03 -4.267921e+01 
-1.400000e+04 -4.273688e+01 -1.000000e-03 -4.278846e+01 
-1.500000e+04 -4.284018e+01 -1.000000e-03 -4.288743e+01 
-1.600000e+04 -4.292600e+01 -1.000000e-03 -4.297804e+01 
-1.700000e+04 -4.300293e+01 -1.000000e-03 -4.306177e+01 
-1.800000e+04 -4.307899e+01 -1.245097e-03 -4.313976e+01 
-1.860630e+04 -4.310967e+01 8.100052e+09 -4.318464e+01 
-1.800000e+04 -4.310359e+01 1.245097e-03 -4.313976e+01 
-1.700000e+04 -4.307417e+01 1.000000e-03 -4.306177e+01 
-1.600000e+04 -4.301924e+01 1.000000e-03 -4.297804e+01 
-1.500000e+04 -4.295934e+01 1.000000e-03 -4.288743e+01 
-1.400000e+04 -4.287332e+01 1.000000e-03 -4.278846e+01 
-1.300000e+04 -4.277227e+01 1.000000e-03 -4.267921e+01 
-1.200000e+04 -4.265221e+01 1.000000e-03 -4.255709e+01 
-1.100000e+04 -4.251579e+01 9.999900e-04 -4.241861e+01 
-9.999980e+03 -4.235073e+01 9.999950e-04 -4.225884e+01 
-8.999990e+03 -4.214847e+01 1.000005e-03 -4.207072e+01 
-7.999990e+03 -4.190350e+01 1.000005e-03 -4.184360e+01 
-7.000000e+03 -4.160688e+01 1.000015e-03 -4.156079e+01 
-6.000020e+03 -4.122663e+01 9.999950e-04 -4.119448e+01 
-4.999990e+03 -4.074384e+01 9.999800e-04 -4.069473e+01 
-3.999980e+03 -3.994718e+01 9.999800e-04 -3.996230e+01 
-2.999950e+03 -3.868548e+01 1.000005e-03 -3.876889e+01 
-1.999990e+03 -3.644331e+01 1.000016e-03 -3.646033e+01 
-9.999820e+02 -3.092489e+01 1.904773e-03 -3.031535e+01 
-9.499960e+02 -3.042612e+01 2.000440e-02 -2.974661e+01 
-9.000040e+02 -2.990714e+01 1.999800e-02 -2.913215e+01 
-8.499860e+02 -2.935108e+01 1.999820e-02 -2.846654e+01 
-7.999950e+02 -2.875742e+01 2.000240e-02 -2.774468e+01 
-7.499980e+02 -2.810752e+01 1.999900e-02 -2.695949e+01 
-6.999900e+02 -2.739522e+01 1.999980e-02 -2.610328e+01 
-6.499970e+02 -2.662441e+01 2.000220e-02 -2.516788e+01 
-6.000010e+02 -2.577971e+01 1.999880e-02 -2.414311e+01 
-5.499910e+02 -2.485817e+01 2.000000e-02 -2.301749e+01 
-5.000010e+02 -2.384739e+01 2.000140e-02 -2.177905e+01 
-4.499980e+02 -2.273733e+01 2.000020e-02 -2.041264e+01 
-4.000020e+02 -2.144763e+01 1.999820e-02 -1.890275e+01 
-3.499890e+02 -2.014229e+01 2.000160e-02 -1.723106e+01 
-3.000100e+02 -1.867820e+01 2.000300e-02 -1.538077e+01 
-2.500040e+02 -1.704578e+01 1.999920e-02 -1.333111e+01 
-2.000060e+02 -1.525732e+01 3.333056e-02 -1.106710e+01 
-1.899990e+02 -1.482581e+01 9.996002e-02 -1.058713e+01 
-1.799980e+02 -1.442538e+01 9.998000e-02 -1.009839e+01 
-1.699950e+02 -1.402671e+01 1.000550e-01 -9.600492e+00 
-1.600090e+02 -1.363101e+01 1.000550e-01 -9.094414e+00 
-1.500060e+02 -1.322982e+01 9.997001e-02 -8.578492e+00 
-1.400030e+02 -1.282419e+01 9.997001e-02 -8.053668e+00 
-1.300000e+02 -1.242024e+01 1.000300e-01 -7.520074e+00 
-1.200090e+02 -1.200994e+01 9.999000e-02 -6.978542e+00 
-1.099980e+02 -1.159659e+01 9.991208e-02 -6.427555e+00 
-9.999140e+01 -1.117620e+01 9.998950e-02 -5.868724e+00 
-8.999590e+01 -1.075817e+01 1.000390e-01 -5.302791e+00 
-7.999920e+01 -1.033146e+01 9.998450e-02 -4.729488e+00 
-6.999280e+01 -9.908753e+00 9.999700e-02 -4.148811e+00 
-5.999860e+01 -9.486767e+00 1.000450e-01 -3.562609e+00 
-5.000180e+01 -9.057021e+00 1.000005e-01 -2.970681e+00 
-3.999870e+01 -8.627952e+00 1.000085e-01 -2.373546e+00 
-3.000350e+01 -8.224286e+00 1.000225e-01 -1.772886e+00 
-2.000320e+01 -7.798738e+00 1.666070e-01 -1.168835e+00 
-1.799920e+01 -7.647003e+00 4.981320e-01 -1.047501e+00 
-1.598820e+01 -7.525066e+00 4.996128e-01 -9.256664e-01 
-1.399610e+01 -7.415215e+00 5.017436e-01 -8.049095e-01 
-1.200210e+01 -7.312883e+00 5.018317e-01 -6.839782e-01 
-1.001070e+01 -7.214432e+00 4.991352e-01 -5.631539e-01 
-7.995170e+00 -7.122534e+00 4.985567e-01 -4.408224e-01 
-5.999120e+00 -7.031202e+00 5.005306e-01 -3.196390e-01 
-3.999410e+00 -6.944188e+00 4.995566e-01 -1.982077e-01 
-1.995570e+00 -6.854653e+00 5.000604e-01 -7.650846e-02 
1.065900e-04 -6.767681e+00 4.993110e-01 4.470358e-02 
2.009950e+00 -6.623385e+00 4.996648e-01 1.667761e-01 
4.002790e+00 -6.552373e+00 5.013172e-01 2.878072e-01 
5.999440e+00 -6.475641e+00 5.012469e-01 4.090527e-01 
7.992840e+00 -6.399349e+00 4.999600e-01 5.300752e-01 
9.999760e+00 -6.317894e+00 5.007436e-01 6.518842e-01 
1.198690e+01 -6.240244e+00 4.996328e-01 7.724504e-01 
1.400270e+01 -6.160106e+00 4.981816e-01 8.947039e-01 
1.600150e+01 -6.076532e+00 4.993508e-01 1.015867e+00 
1.800790e+01 -5.997397e+00 4.998500e-01 1.137422e+00 
2.000270e+01 -5.914665e+00 1.668321e-01 1.258199e+00 
2.999600e+01 -5.605079e+00 1.000030e-01 1.861828e+00 
4.000210e+01 -5.248010e+00 9.999200e-02 2.463144e+00 
4.999760e+01 -4.863983e+00 1.000410e-01 3.059825e+00 
5.999390e+01 -4.470197e+00 1.000070e-01 3.651726e+00 
6.999620e+01 -4.069208e+00 9.995652e-02 4.238404e+00 
8.000260e+01 -3.663682e+00 1.000035e-01 4.819078e+00 
8.999550e+01 -3.265533e+00 1.000345e-01 5.392162e+00 
9.999570e+01 -2.864581e+00 9.993754e-02 5.958360e+00 
1.100080e+02 -2.460069e+00 9.994853e-02 6.517504e+00 
1.200060e+02 -1.998750e+00 1.000450e-01 7.067772e+00 
1.299990e+02 -1.628529e+00 1.000100e-01 7.609414e+00 
1.400040e+02 -1.228803e+00 9.999000e-02 8.143115e+00 
1.500010e+02 -8.206804e-01 1.000650e-01 8.667626e+00 
1.599910e+02 -4.047157e-01 1.000100e-01 9.182888e+00 
1.699990e+02 7.305985e-02 9.995502e-02 9.690087e+00 
1.800000e+02 5.444666e-01 9.998500e-02 1.018789e+01 
1.900020e+02 9.140550e-01 1.000050e-01 1.067667e+01 
1.999990e+02 1.336446e+00 3.333222e-02 1.115617e+01 
2.500040e+02 3.998098e+00 1.999980e-02 1.342051e+01 
3.000000e+02 6.653552e+00 2.000040e-02 1.546978e+01 
3.500020e+02 1.003425e+01 2.000140e-02 1.732091e+01 
3.999930e+02 1.348091e+01 1.999860e-02 1.899186e+01 
4.500090e+02 1.656301e+01 1.999780e-02 2.050235e+01 
5.000040e+02 1.915867e+01 2.000040e-02 2.186853e+01 
5.500070e+02 2.128281e+01 2.000020e-02 2.310726e+01 
6.000030e+02 2.314219e+01 2.000040e-02 2.423255e+01 
6.500050e+02 2.453685e+01 2.000060e-02 2.525743e+01 
7.000000e+02 2.578638e+01 1.999960e-02 2.619285e+01 
7.500070e+02 2.685304e+01 1.999900e-02 2.704903e+01 
8.000050e+02 2.777078e+01 2.000100e-02 2.783423e+01 
8.500020e+02 2.857012e+01 2.000100e-02 2.855616e+01 
9.000000e+02 2.928398e+01 1.999940e-02 2.922149e+01 
9.500050e+02 2.992280e+01 1.999800e-02 2.983611e+01 
1.000010e+03 3.050214e+01 1.904771e-03 3.040505e+01 
2.000000e+03 3.645199e+01 9.999850e-04 3.654976e+01 
3.000040e+03 3.875938e+01 9.999900e-04 3.885842e+01 
4.000020e+03 4.001707e+01 1.000020e-03 4.005173e+01 
5.000000e+03 4.081024e+01 9.999950e-04 4.078413e+01 
6.000030e+03 4.128179e+01 9.999850e-04 4.128388e+01 
7.000030e+03 4.164317e+01 1.000010e-03 4.165019e+01 
8.000010e+03 4.192598e+01 1.000015e-03 4.193300e+01 
9.000000e+03 4.215747e+01 1.000005e-03 4.216012e+01 
1.000000e+04 4.234873e+01 1.000000e-03 4.234824e+01 
1.100000e+04 4.250235e+01 1.000000e-03 4.250800e+01 
1.200000e+04 4.263997e+01 1.000000e-03 4.264648e+01 
1.300000e+04 4.275530e+01 1.000000e-03 4.276860e+01 
1.400000e+04 4.285488e+01 1.000000e-03 4.287786e+01 
1.500000e+04 4.294518e+01 1.000000e-03 4.297683e+01 
1.600000e+04 4.302487e+01 1.000000e-03 4.306744e+01 
1.700000e+04 4.308889e+01 1.000000e-03 4.315116e+01 
1.800000e+04 4.317891e+01 1.258732e-03 4.322915e+01 
1.858890e+04 4.320477e+01 1.698081e-03 4.327277e+01 
